235723|B001F10XUU|1|580
260703|B0099HD3YA|1|446
241669|B0081XPTBS|1|436
358114|B0032CJPOK|1|436
155533|B000FFLHU2|1|366
279313|B005NYXE1K|1|354
268062|B00032G1S0|1|346
260705|B0099HD3YA|1|319
260704|B0099HD3YA|1|262
155532|B000FFLHU2|1|247
190735|B000FI4O90|2|524
226506|B000A3I3BA|2|355
67263|B004JRXZKM|2|286
373782|B004WTHCO2|2|209
433681|B001LQCOIS|2|209
458304|B00158U8DU|2|204
122088|B000ORSIJ4|2|162
438433|B00015UC48|2|159
408264|B005NYXE24|2|151
245665|B004OAZ36I|2|144
207713|B00012182G|3|844
222938|B000UUWECC|3|491
373778|B004WTHCO2|3|303
433677|B001LQCOIS|3|303
88409|B001D0KG4Q|3|301
268064|B00032G1S0|3|274
424556|B002HFPW6I|3|253
129553|B001E530FM|3|230
195757|B001E530FW|3|230
3306|B005K4Q1VI|3|187
130827|B001CHFUDC|4|454
227086|B002YPBQW0|4|454
256310|B007TJGY6O|4|454
266690|B0039KABTI|4|454
391660|B0029XDZIK|4|454
471929|B006N3HZL0|4|454
489962|B006N3HZD8|4|454
555926|B004RYLQSA|4|454
520829|B0009XSXZM|4|281
96107|B00859FH7O|4|232
190734|B000FI4O90|5|866
566780|B001PQTYN2|5|808
96105|B00859FH7O|5|559
116803|B008F2K1YU|5|559
130479|B005F3IAPE|5|559
210512|B005FKRTO0|5|559
287185|B009K2BBT8|5|559
293136|B008VQ01Y0|5|559
297367|B0069GOKGE|5|559
373576|B009K2BBQG|5|559
